  1416 18635 8471 3697 7410 26006 31343 10887 11504 20384 
  19721 16279 1490 7804 31749 19743 24007 27004 23177 32298 
  867 2620 29814 12143 13056 19690 20282 10186 20614 15355 
  6854 28666 17742 14597 31322 14850 23675 13813 4960 8761 
  31217 22322 11592 30028 4387 7447 29545 9254 30341 17049 
  1223 15881 17358 2906 30183 5013 17387 13635 29109 19403 
  32150 2849 23343 9478 15195 27698 19964 6633 7845 28370 
  12751 9150 6401 6463 4938 31930 19853 2334 15870 31308 
  15706 31163 30156 13185 25127 10932 16184 10941 7542 17400 
  28855 32661 16337 21355 9856 16284 12764 28115 26468 32317 
  25637 27921 31006 13083 24064 2616 27856 23899 5482 7359 
  26423 24784 7826 4488 8648 21617 30497 12025 4797 23130 
  25387 20178 16532 26524 28053 23514 32327 8507 17065 9376 
  1662 17836 20168 27475 20901 24282 26286 26983 29082 24767 
  17572 29629 12853 29282 6699 12648 19763 353 1983 7929 
  2243 21563 31251 1700 23 31176 30680 7922 22660 32646 
  28852 19997 21582 28824 7188 1686 7764 18839 5607 29448 
  10289 15575 29166 30762 15122 7691 27200 11705 20876 23258 
  19572 23441 7774 28304 28076 17965 25186 16019 13311 18117 
  16034 4817 31959 8759 30793 13205 4422 4033 24057 14240 
  4987 7092 32395 29237 9206 678 26672 21185 892 26692 
  31593 25970 21867 4831 31595 23688 31419 7172 2665 11885 
  9640 18139 25127 11939 1402 19530 11443 23198 24029 24279 
  13117 8149 27518 16699 4509 1931 18757 30476 29984 14932 
  5800 2377 7335 17932 26428 20992 32487 3996 1824 29572 
  5852 25115 27504 16043 2700 652 17680 9812 24594 32356 
  30425 20096 17729 27502 15123 4817 31102 26200 15150 1733 
  5230 19020 18288 11389 20411 13352 23205 17110 843 16884 
  6509 30086 23499 3111 31866 15487 27744 20965 6332 4409 
  29991 24571 27087 20298 14429 28697 12614 28204 6139 559 
  3265 2536 2878 18793 11285 21371 15823 26512 23895 3181 
  27816 2836 20429 21272 1737 722 11954 14595 13178 5795 
  22516 26916 19697 27290 16853 13796 12890 28791 5792 1697 
  28477 3716 14061 8759 22285 12248 13670 15979 3786 840 
  11566 17096 31843 19203 27280 11262 28727 21220 10832 31171 
  7898 12774 2828 17122 1050 21778 15753 4171 26294 14636 
  5734 15864 5117 31589 10768 4969 31007 32040 24399 29951 
  11487 26804 6306 21906 4211 32377 28453 27641 15837 31331 
  14154 4723 17213 23791 26519 30600 11437 17620 23641 22711 
  32485 7334 1382 4814 13328 15198 17074 24364 30317 10582 
  1710 12059 18564 2170 16458 15170 6759 2565 1084 4383 
  8771 30936 26196 8890 4205 5256 8698 20992 6247 5023 
  15661 30287 23039 30625 8716 20750 7006 24844 26802 142 
  10208 31174 22528 2369 10038 25600 17698 15810 7198 7386 
  22441 14844 21150 16338 11157 17921 1787 26597 3417 24538 
  7922 20628 22638 15202 8736 362 27756 14347 23837 16129 
  2242 9851 574 26988 27038 2294 23826 28026 31998 18590 
  8520 7238 15439 6068 13592 20283 13704 6423 20252 14947 
  27182 4696 1331 4667 7146 10010 21385 29352 30466 13101 
  29751 28248 25664 22427 7458 16795 11583 16172 31879 17209 
  23085 23925 27352 15683 9603 25644 3793 29946 21020 26275 
  30926 22192 30994 18989 21518 29327 3545 20263 16019 10133 
  25477 16325 18847 8437 14258 2906 27873 12849 26001 11612 
  8318 13983 8201 18103 9491 16722 8536 15139 3421 26588 
  23280 28054 11358 30856 25250 4889 28001 6967 22716 20635 
  1937 29752 4965 3372 461 25516 16617 7074 18999 26904 
  11162 4107 23101 246 7367 1517 7259 21840 12691 12517 
  19003 9977 21249 9665 21219 21028 30013 4909 7070 21084 
  8770 16195 24389 18553 48 20777 1753 13828 22576 27436 
  15103 15849 17437 2798 5964 13726 13296 32152 15301 8009 
  5023 13332 18388 26436 12826 24231 15854 1596 21841 26429 
  32534 3691 21322 17110 5162 28662 3391 16505 19102 26397 
  9761 29891 18244 24168 4431 4755 1101 437 7455 27201 
  30745 17322 28552 20240 15930 21073 21111 16018 7557 3539 
  7114 31305 24381 8555 11555 1195 2693 15856 23415 25232 
  31187 15972 13646 15706 1018 9463 24039 27537 15628 277 
  16589 21577 12276 30131 15788 334 15271 3094 5567 19057 
  19852 22969 9831 16779 9271 6562 24321 22103 32709 4632 
  7809 15307 4004 23905 7846 22064 27942 29596 3011 23563 
  538 5868 29621 29894 29537 27863 13724 14691 5713 24060 
  26931 17712 26734 10191 6971 32319 4894 12245 23835 22609 
  12873 23274 23259 30135 24800 20332 21716 17672 15635 17576 
  30361 20486 18129 30798 29733 14350 9586 802 24705 25496 
  6926 20474 21835 13090 12598 30688 18726 29333 7112 27781 
  18631 1335 28022 2594 23914 3478 6906 5801 22632 11188 
  25127 29860 21711 27062 26209 4874 2989 3044 17286 12559 
  26037 21523 17261 11339 30836 15385 3685 4242 29785 14921 
  17979 30647 5492 7280 10266 18995 31122 30099 13238 12312 
  13978 17082 25318 834 8339 6070 26289 5381 4986 17236 
  23755 12803 5449 9666 7686 12139 19068 9361 11694 7841 
  24740 12602 414 11904 23879 3965 4504 9874 29179 5663 
  27339 19118 82 4497 20814 28021 14356 19697 7530 20876 
  24425 31545 31587 20864 13826 29561 18160 30285 19930 10623 
  3402 10302 6828 7990 15214 17889 15123 5046 9203 26198 
  18949 9216 15440 17833 3455 9173 12090 16100 904 24354 
  28313 6653 22650 19117 19134 3333 19521 28512 14679 228 
  4673 29997 30661 25642 4009 22639 29568 28900 8703 31745 
  17226 19730 28986 12812 26411 18968 7422 356 30072 13834 
  23679 8246 22435 16538 25632 29703 10878 24096 16434 17702 
  20285 21011 6932 26048 10174 27736 17619 12176 14018 13469 
  23866 7065 26065 10624 16237 8341 7613 27798 10927 18919 
  28062 20238 11429 14424 10592 32539 31552 24251 21182 21490 
  23299 24732 14655 30470 12030 14097 20195 6823 27922 25536 
  2316 29442 18080 25934 1929 28788 21569 6278 2502 16416 
  30543 6591 23678 23196 27321 10280 4817 27431 23088 7096 
  577 2091 31481 2208 23602 26724 11271 16136 18264 30337 
  19036 27587 23927 17778 29088 32572 18323 3850 26268 13226 
  187 6227 7781 8430 3788 32556 20684 7600 7654 29828 
  16878 11514 2497 7671 26247 21404 15197 28645 20290 4028 
  1800 23231 16890 4615 5961 30707 11676 7391 7781 13873
